1313.71253309
1324.89575822
1384.74964309
1386.36690279
1448.24286636
1497.83370309
1513.9625526
1584.86573309
1591.47863238
1605.63335586
1721.92464309
1771.10576144
1835.00870309
1932.06146309
1977.48750471
2019.09349309
2072.53723591
2147.18845309
2269.01418114
2310.17946414
2310.25178309
2352.90838651
2420.45156852
2449.50256708
2455.42581985
2466.35289309
2579.43695309
2584.16967935
2595.39548309
2602.0363139
2625.86509184
2723.27151055
2726.50536309
2742.46389309
2766.11755372
2829.49592309
2838.37037334
2855.54795309
2880.84661558
2885.87798688
2905.64265639
2943.53885309
2948.1434399
2959.29639698
2974.18834158
2984.59054309
3017.46301071
3030.82524266
3042.13716347
3071.59743309
3087.59973309
3147.26971136
3199.69239309
3215.65831309
3249.23623894
3256.97719032
3272.67977309
3302.70158309
3348.9213592
3389.73361309
3409.73868309
3485.51843955
3486.78637309
3512.74787309
3514.4798636
3599.87043309
3610.90624036
3643.78836309
3700.80982309
3700.91811309
3749.79412646
3787.31937131
3813.89388309
3822.52579375
3831.95860309
3858.01668106
3902.99571309
4000.04847309
4037.18284387
4083.59139414
4128.10705309
4265.16596309
4316.2942574
4320.23002196
4321.59027401
4378.34924143
4393.26092309
4426.03625914
4427.63745367
4490.31368309
4543.9564879
4550.48606958
4593.32287309
4721.01619925
4724.56443556
4749.42398309
4757.76978013
4764.30539205
4811.04175279
4863.46691309
