16463.8689385
2697.24414925
2800.25333925
2853.34525925
2940.37728925
2986.33264925
3073.36467925
3096.47839925
3202.40726925
3233.53730925
3317.43420925
3336.54649925
3430.51826925
3492.64760925
3558.57684925
3591.71601925
3661.58603925
3719.81097925
3760.65444925
3806.84300925
3863.86446925
3888.74940925
3962.93287925
4044.85051925
4076.97580925
4175.89100925
4263.05511925
4303.94958925
4432.00816925
4449.13442925
4545.09222925
4577.19300925
4673.18718925
4691.23593925
4802.22977925
4822.27642925
4921.34483925
4965.29310925
5058.40374925
5078.37716925
5165.40919925
5186.46232925
5266.45687925
5317.50281925
5381.48381925
5503.58212925
5537.58492925
5616.66618925
5636.65333925
5744.76114925
5764.71191925
5865.75959925
5873.80373925
6012.82800925
6059.88304925
6149.88691925
6172.96710925
6252.89610925
6274.01478925
6380.95468925
6460.09409925
6494.99761925
6573.17815925
6610.02455925
6674.22583925
6697.05658925
6787.30989925
6825.15154925
6888.35757925
7001.44163925
7011.23085925
7116.46857925
7148.28976925
7244.56353925
7247.35817925
7341.61629925
7376.40076925
7398.63775925
7469.67486925
7523.46917925
7598.71745925
7651.56413925
7685.74948925
7780.60672925
7813.80806925
7926.89212925
7936.70783925
7993.72929925
8029.90131925
8064.76640925
8086.92277925
8163.83481925
8200.96570925
8262.90322925
8300.03411925
8376.94615925
8399.10252925
8433.96761925
8470.13963925
8527.16109925
8536.97680925
8650.06086925
8683.26220925
8778.11944925
8812.30479925
8865.15147925
8940.39975925
8994.19406925
9065.23117925
9087.46816925
9122.25263925
9216.51075925
9219.30539925
9315.57916925
9347.40035925
9452.63807925
9462.42729925
9575.51135925
9638.71738925
9676.55903925
9766.81234925
9789.64309925
9853.84437925
9890.69077925
9968.87131925
10003.7748393
10082.9142493
10189.8541493
10210.9728293
10290.9018293
10313.9820193
10403.9858893
10451.0409293
10590.0651993
10598.1093393
10699.1570193
10719.1077893
10827.2155993
10847.2027493
10926.2840093
10960.2868093
11082.3851193
11146.3661193
11197.4120593
11277.4066093
11298.4597393
11385.4917693
11405.4651893
11498.5758293
11542.5240993
11641.5925093
11661.6391593
11772.6329993
11790.6817493
11886.6759293
11918.7767093
12014.7345093
12031.8607693
12159.9193493
12200.8138193
12287.9779293
12386.8931293
12419.0184193
12500.9360593
12575.1195293
12600.0044693
12657.0259293
12703.2144893
12744.0579593
12802.2828993
12872.1529193
12905.2920893
12971.2213293
13033.3506693
13127.3224393
13146.4347293
13230.3316293
13261.4616693
13367.3905393
13390.5042593
13477.5362893
13523.4916493
13610.5236793
13663.6155993
13766.6247893
