1737.31986246
1900.38319246
2056.48430246
2155.55271246
2212.57417246
2359.64258246
2472.72664246
2603.76713246
2700.81989246
2828.87847246
2915.91050246
3030.93744246
3144.98037246
3273.07533246
3410.13424246
3497.16627246
3611.20920246
3739.26778246
3842.27697246
3957.30391246
4070.38797246
4199.43056246
4362.49389246
4433.53100246
4530.58376246
4693.64709246
4750.66855246
4851.71623246
4982.75672246
5129.82513246
5228.89354246
5341.97760246
5439.03036246
5586.09877246
5714.19373246
5870.29484246
6056.37415246
6143.40618246
6329.48549246
6416.51752246
6519.52671246
6616.57947246
6729.66353246
6842.74759246
6971.79018246
7070.85859246
7157.89062246
7256.95903246
7313.98049246
7385.01760246
7498.10166246
7599.14934246
7727.24430246
7824.29706246
7911.32909246
8010.39750246
8157.46591246
8285.52449246
8398.60855246
8526.70351246
8663.76242246
8750.79445246
8913.85778246
9026.94184246
9157.98233246
9295.04124246
9426.08173246
9525.15014246
9653.20872246
9782.25131246
9929.31972246
10016.3517525
10202.4310625
10330.4896425
10444.5325725
10573.5751625
10720.6435725
10819.7119825
10920.7596625
11048.8182425
11161.9023025
11324.9656325
11481.0667425
11628.1351525
11775.2035625
11912.2624725
12059.3308825
12245.4101925
12408.4735225
12523.5004625
12651.5590425
12814.6223725
12885.6594825
13014.7020725
13200.7813825
13315.8083225
13412.8610825
