914
225 68
36 199
395 270
760 303
482 132
25 6
882 484
47 668
228 4
857 1
16 2
124 733
397 508
740 272
889 617
567 182
670 158
618 436
200 308
33 99
525 218
299 292
179 4
2 7
366 537
729 581
109 192
177 49
492 821
84 44
78 513
545 767
317 74
40 532
573 198
346 430
351 873
128 63
108 432
507 187
49 17
28 13
756 303
96 271
83 320
190 99
551 651
77 22
294 555
490 265
33 40
912 567
331 485
32 56
1 10
196 311
70 73
216 64
18 107
859 860
169 10
569 405
556 745
2 34
492 840
367 167
136 86
465 254
907 77
214 109
334 793
516 880
748 112
64 32
4 23
738 632
480 84
250 781
644 404
297 65
240 869
306 284
192 520
117 716
424 72
499 86
404 552
598 64
692 222
8 121
470 258
759 733
302 626
683 708
95 20
678 537
536 470
571 518
551 723
494 115
221 631
57 91
22 18
400 189
40 699
30 8
187 106
792 125
38 182
663 883
26 332
808 773
632 193
53 287
257 148
37 679
422 172
9 85
541 654
41 196
744 702
50 11
247 354
201 606
496 576
357 317
557 389
62 223
749 149
138 584
234 170
580 308
272 785
114 103
154 69
458 229
64 195
345 624
133 416
869 894
181 778
277 39
69 11
3 2
273 727
222 189
158 454
167 87
309 639
236 498
380 57
258 61
822 119
523 322
695 413
533 570
97 150
5 156
59 7
524 742
558 357
547 398
611 379
595 504
92 229
301 408
858 427
15 66
469 202
83 504
97 913
449 468
255 914
689 831
156 157
17 5
509 615
163 24
434 182
772 435
392 176
385 706
789 92
614 105
550 69
411 289
43 201
193 637
250 321
224 780
47 262
407 533
281 174
382 102
209 231
32 191
226 96
53 45
415 586
817 830
366 282
806 179
244 577
270 874
376 510
151 218
700 258
145 665
181 362
76 32
367 739
12 15
765 723
212 25
806 812
410 426
144 255
455 318
21 16
645 221
841 665
804 197
116 864
412 8
31 18
440 275
111 103
310 585
902 183
551 433
31 609
433 225
47 30
88 691
500 828
123 620
40 139
491 345
408 483
829 586
388 617
40 446
680 329
565 323
423 213
171 493
293 219
538 751
462 376
867 897
13 32
708 757
259 51
264 359
4 844
145 44
14 27
674 564
153 850
572 54
444 447
795 455
523 643
469 476
107 198
126 563
415 684
589 228
285 301
142 180
519 710
890 583
713 536
838 773
158 156
86 165
91 800
905 229
376 377
189 184
365 350
871 211
448 734
58 264
94 6
301 518
106 99
252 284
236 263
132 205
55 215
152 42
330 363
114 805
500 498
625 581
450 825
360 21
198 322
744 799
244 54
188 439
122 512
9 394
254 136
501 743
658 173
39 186
380 853
868 365
290 814
643 877
48 119
797 899
161 152
549 89
13 6
887 671
314 410
425 120
597 49
336 32
73 181
753 366
317 341
707 400
166 404
162 142
561 843
888 79
787 219
92 393
677 189
1 237
663 365
556 189
823 6
417 276
579 652
667 166
613 237
50 211
425 535
12 374
61 1
1 5
833 494
42 97
173 819
842 115
409 681
159 368
118 7
431 813
593 397
583 278
501 215
393 489
175 165
9 127
502 48
484 17
161 443
756 866
659 312
140 40
72 371
100 876
325 627
150 343
647 635
414 287
188 235
194 260
506 367
528 215
715 136
197 326
30 607
24 8
108 159
379 22
238 735
601 63
586 755
337 322
332 383
809 38
295 84
364 413
384 240
86 104
762 668
4 807
27 135
321 728
809 855
304 227
488 91
418 189
104 243
387 441
89 53
587 622
630 52
238 47
690 281
121 548
149 629
505 257
347 144
29 48
165 603
432 845
78 122
88 123
168 579
587 217
377 522
83 802
345 343
463 79
140 144
268 228
453 379
355 641
233 450
147 8
100 256
498 730
266 30
23 110
273 168
78 77
275 794
364 273
462 581
539 194
666 714
264 267
132 79
37 176
309 84
97 820
6 36
203 130
330 798
24 376
69 141
55 53
278 89
664 861
93 88
340 323
634 141
596 479
19 148
80 39
294 126
192 856
72 64
313 116
314 10
672 664
774 173
179 568
24 206
330 135
205 310
612 399
32 41
8 1
623 135
69 112
228 517
551 675
204 403
737 506
229 387
384 546
712 686
302 67
67 10
521 119
389 124
245 192
319 375
289 127
35 86
65 11
245 473
573 721
399 11
329 610
287 859
79 87
33 37
538 246
14 35
14 6
205 834
761 412
694 124
327 752
671 310
33 358
33 13
465 604
19 474
239 105
12 796
126 666
42 126
227 93
711 112
21 44
175 783
281 479
58 6
769 1
827 333
445 28
342 908
225 560
166 78
329 849
303 591
357 646
640 332
678 896
364 503
212 252
181 286
545 119
638 688
290 102
689 758
628 788
12 3
50 777
114 153
111 125
746 695
638 851
124 288
291 129
331 142
168 120
67 303
137 207
81 59
133 101
662 321
909 157
330 338
688 704
113 76
741 384
23 26
323 48
120 64
39 29
717 306
747 309
276 224
688 826
623 847
19 17
152 274
39 146
135 325
483 768
57 172
80 292
397 155
1 4
498 770
649 657
356 289
516 512
163 428
111 151
482 687
771 554
242 134
175 437
854 111
574 533
381 296
318 79
575 134
112 250
130 127
370 435
344 28
346 170
249 396
906 142
354 464
113 361
144 173
103 80
64 722
16 18
13 38
436 40
233 19
534 852
340 420
316 141
54 19
50 307
54 867
543 697
566 312
183 452
182 616
221 328
181 194
354 529
881 554
495 109
232 202
220 7
6 275
415 359
540 278
419 237
376 444
215 492
8 60
209 115
393 477
116 155
696 25
448 901
240 165
442 87
232 592
214 327
339 145
444 451
21 270
436 653
108 43
621 115
1 2
884 38
865 724
1 703
559 451
731 586
910 407
240 349
304 471
123 164
162 702
247 718
386 382
71 348
251 142
102 459
23 312
892 452
429 119
317 448
266 776
170 82
515 562
438 619
638 891
269 406
334 239
283 33
269 225
324 169
686 572
816 726
32 402
43 21
193 44
526 87
92 72
230 162
161 655
137 89
709 534
77 509
319 689
11 20
120 329
660 191
213 145
325 335
725 627
149 279
610 782
197 160
317 553
418 427
835 803
514 196
900 61
242 642
911 134
885 692
80 116
300 648
519 245
467 281
903 645
837 728
367 391
9 4
457 226
129 114
608 584
623 736
848 746
280 181
20 109
69 248
133 249
786 665
236 9
726 364
45 131
33 879
122 561
19 74
872 468
241 832
247 36
904 877
27 543
166 497
196 534
271 531
430 582
38 217
405 650
458 811
101 23
76 105
17 42
24 378
253 248
30 52
224 71
801 269
230 846
35 90
298 229
136 515
724 704
25 511
270 661
893 158
88 85
313 676
10 282
766 351
784 502
338 698
173 797
449 764
3 79
685 614
124 70
266 701
70 18
75 117
370 79
741 773
98 1
683 528
44 599
83 81
41 68
208 148
254 564
174 173
553 682
22 62
45 41
763 257
196 265
296 125
76 719
127 241
391 790
77 421
51 160
210 141
373 162
95 810
113 171
188 48
100 342
504 863
327 635
351 83
149 487
18 183
824 265
11 10
466 475
673 585
554 181
720 331
409 239
86 333
102 8
693 544
180 369
15 134
252 878
449 286
472 333
544 30
456 357
296 300
4 633
545 862
64 178
315 68
588 190
732 583
6 2
98 486
1 185
82 779
25 57
202 136
103 143
119 184
426 628
52 204
253 803
2 29
255 886
3 541
246 407
183 836
6 638
134 524
602 515
221 24
138 18
71 305
200 167
149 6
90 542
316 594
796 815
649 228
319 65
458 895
14 530
142 117
272 228
818 434
390 229
75 18
289 401
159 352
166 350
219 148
670 705
775 160
636 350
875 446
71 44
141 754
199 496
605 516
431 374
76 115
372 478
261 211
39 246
600 411
35 46
372 163
664 306
388 336
817 300
405 255
77 82
